[12238.41791942315]
[12238.41791942315, 32262.69804794438]
[12238.41791942315, 32262.69804794438, 89446.62809119522]
[12238.41791942315, 32262.69804794438, 89446.62809119522, 334234.5817839312]
[12238.41791942315, 32262.69804794438, 89446.62809119522, 334234.5817839312, 615760.3037830605]
[12238.41791942315, 32262.69804794438, 89446.62809119522, 334234.5817839312, 615760.3037830605, 2989975.294956347]
[12238.41791942315, 32262.69804794438, 89446.62809119522, 334234.5817839312, 615760.3037830605, 2989975.294956347, 17264763.399857447]
[12238.41791942315, 32262.69804794438, 89446.62809119522, 334234.5817839312, 615760.3037830605, 2989975.294956347, 17264763.399857447, 51011199.53260586]
[12238.41791942315, 32262.69804794438, 89446.62809119522, 334234.5817839312, 615760.3037830605, 2989975.294956347, 17264763.399857447, 51011199.53260586, 120601296.28666008]
[12238.41791942315, 32262.69804794438, 89446.62809119522, 334234.5817839312, 615760.3037830605, 2989975.294956347, 17264763.399857447, 51011199.53260586, 120601296.28666008, 244453021.30063868]
[12238.41791942315, 32262.69804794438, 89446.62809119522, 334234.5817839312, 615760.3037830605, 2989975.294956347, 17264763.399857447, 51011199.53260586, 120601296.28666008, 244453021.30063868, 430855547.24994284]
[12238.41791942315, 32262.69804794438, 89446.62809119522, 334234.5817839312, 615760.3037830605, 2989975.294956347, 17264763.399857447, 51011199.53260586, 120601296.28666008, 244453021.30063868, 430855547.24994284, 672350952.3012977]
[12238.41791942315, 32262.69804794438, 89446.62809119522, 334234.5817839312, 615760.3037830605, 2989975.294956347, 17264763.399857447, 51011199.53260586, 120601296.28666008, 244453021.30063868, 430855547.24994284, 672350952.3012977, 873669752.0933253]
[12238.41791942315, 32262.69804794438, 89446.62809119522, 334234.5817839312, 615760.3037830605, 2989975.294956347, 17264763.399857447, 51011199.53260586, 120601296.28666008, 244453021.30063868, 430855547.24994284, 672350952.3012977, 873669752.0933253, 994232020.9198195]
[12238.41791942315, 32262.69804794438, 89446.62809119522, 334234.5817839312, 615760.3037830605, 2989975.294956347, 17264763.399857447, 51011199.53260586, 120601296.28666008, 244453021.30063868, 430855547.24994284, 672350952.3012977, 873669752.0933253, 994232020.9198195, 1073909426.7243261]
[12238.41791942315, 32262.69804794438, 89446.62809119522, 334234.5817839312, 615760.3037830605, 2989975.294956347, 17264763.399857447, 51011199.53260586, 120601296.28666008, 244453021.30063868, 430855547.24994284, 672350952.3012977, 873669752.0933253, 994232020.9198195, 1073909426.7243261, 1133013862.1470785]
[12238.41791942315, 32262.69804794438, 89446.62809119522, 334234.5817839312, 615760.3037830605, 2989975.294956347, 17264763.399857447, 51011199.53260586, 120601296.28666008, 244453021.30063868, 430855547.24994284, 672350952.3012977, 873669752.0933253, 994232020.9198195, 1073909426.7243261, 1133013862.1470785, 1167239586.348416]
[12238.41791942315, 32262.69804794438, 89446.62809119522, 334234.5817839312, 615760.3037830605, 2989975.294956347, 17264763.399857447, 51011199.53260586, 120601296.28666008, 244453021.30063868, 430855547.24994284, 672350952.3012977, 873669752.0933253, 994232020.9198195, 1073909426.7243261, 1133013862.1470785, 1167239586.348416, 1177303132.0678558]
[12238.41791942315, 32262.69804794438, 89446.62809119522, 334234.5817839312, 615760.3037830605, 2989975.294956347, 17264763.399857447, 51011199.53260586, 120601296.28666008, 244453021.30063868, 430855547.24994284, 672350952.3012977, 873669752.0933253, 994232020.9198195, 1073909426.7243261, 1133013862.1470785, 1167239586.348416, 1177303132.0678558, 1172150170.3801663]
[12238.41791942315, 32262.69804794438, 89446.62809119522, 334234.5817839312, 615760.3037830605, 2989975.294956347, 17264763.399857447, 51011199.53260586, 120601296.28666008, 244453021.30063868, 430855547.24994284, 672350952.3012977, 873669752.0933253, 994232020.9198195, 1073909426.7243261, 1133013862.1470785, 1167239586.348416, 1177303132.0678558, 1172150170.3801663, 1155761293.543518]
[12238.41791942315, 32262.69804794438, 89446.62809119522, 334234.5817839312, 615760.3037830605, 2989975.294956347, 17264763.399857447, 51011199.53260586, 120601296.28666008, 244453021.30063868, 430855547.24994284, 672350952.3012977, 873669752.0933253, 994232020.9198195, 1073909426.7243261, 1133013862.1470785, 1167239586.348416, 1177303132.0678558, 1172150170.3801663, 1155761293.543518, 1129607083.4780474]
[12238.41791942315, 32262.69804794438, 89446.62809119522, 334234.5817839312, 615760.3037830605, 2989975.294956347, 17264763.399857447, 51011199.53260586, 120601296.28666008, 244453021.30063868, 430855547.24994284, 672350952.3012977, 873669752.0933253, 994232020.9198195, 1073909426.7243261, 1133013862.1470785, 1167239586.348416, 1177303132.0678558, 1172150170.3801663, 1155761293.543518, 1129607083.4780474, 1096295382.7733634]
[12238.41791942315, 32262.69804794438, 89446.62809119522, 334234.5817839312, 615760.3037830605, 2989975.294956347, 17264763.399857447, 51011199.53260586, 120601296.28666008, 244453021.30063868, 430855547.24994284, 672350952.3012977, 873669752.0933253, 994232020.9198195, 1073909426.7243261, 1133013862.1470785, 1167239586.348416, 1177303132.0678558, 1172150170.3801663, 1155761293.543518, 1129607083.4780474, 1096295382.7733634, 1056944877.695382]
[12238.41791942315, 32262.69804794438, 89446.62809119522, 334234.5817839312, 615760.3037830605, 2989975.294956347, 17264763.399857447, 51011199.53260586, 120601296.28666008, 244453021.30063868, 430855547.24994284, 672350952.3012977, 873669752.0933253, 994232020.9198195, 1073909426.7243261, 1133013862.1470785, 1167239586.348416, 1177303132.0678558, 1172150170.3801663, 1155761293.543518, 1129607083.4780474, 1096295382.7733634, 1056944877.695382, 1007636221.0554917]
[12238.41791942315, 32262.69804794438, 89446.62809119522, 334234.5817839312, 615760.3037830605, 2989975.294956347, 17264763.399857447, 51011199.53260586, 120601296.28666008, 244453021.30063868, 430855547.24994284, 672350952.3012977, 873669752.0933253, 994232020.9198195, 1073909426.7243261, 1133013862.1470785, 1167239586.348416, 1177303132.0678558, 1172150170.3801663, 1155761293.543518, 1129607083.4780474, 1096295382.7733634, 1056944877.695382, 1007636221.0554917, 941238230.2099441]
[12238.41791942315, 32262.69804794438, 89446.62809119522, 334234.5817839312, 615760.3037830605, 2989975.294956347, 17264763.399857447, 51011199.53260586, 120601296.28666008, 244453021.30063868, 430855547.24994284, 672350952.3012977, 873669752.0933253, 994232020.9198195, 1073909426.7243261, 1133013862.1470785, 1167239586.348416, 1177303132.0678558, 1172150170.3801663, 1155761293.543518, 1129607083.4780474, 1096295382.7733634, 1056944877.695382, 1007636221.0554917, 941238230.2099441, 853952070.0638846]
[12238.41791942315, 32262.69804794438, 89446.62809119522, 334234.5817839312, 615760.3037830605, 2989975.294956347, 17264763.399857447, 51011199.53260586, 120601296.28666008, 244453021.30063868, 430855547.24994284, 672350952.3012977, 873669752.0933253, 994232020.9198195, 1073909426.7243261, 1133013862.1470785, 1167239586.348416, 1177303132.0678558, 1172150170.3801663, 1155761293.543518, 1129607083.4780474, 1096295382.7733634, 1056944877.695382, 1007636221.0554917, 941238230.2099441, 853952070.0638846, 748923468.693363]
[12238.41791942315, 32262.69804794438, 89446.62809119522, 334234.5817839312, 615760.3037830605, 2989975.294956347, 17264763.399857447, 51011199.53260586, 120601296.28666008, 244453021.30063868, 430855547.24994284, 672350952.3012977, 873669752.0933253, 994232020.9198195, 1073909426.7243261, 1133013862.1470785, 1167239586.348416, 1177303132.0678558, 1172150170.3801663, 1155761293.543518, 1129607083.4780474, 1096295382.7733634, 1056944877.695382, 1007636221.0554917, 941238230.2099441, 853952070.0638846, 748923468.693363, 633367437.8735164]
[12238.41791942315, 32262.69804794438, 89446.62809119522, 334234.5817839312, 615760.3037830605, 2989975.294956347, 17264763.399857447, 51011199.53260586, 120601296.28666008, 244453021.30063868, 430855547.24994284, 672350952.3012977, 873669752.0933253, 994232020.9198195, 1073909426.7243261, 1133013862.1470785, 1167239586.348416, 1177303132.0678558, 1172150170.3801663, 1155761293.543518, 1129607083.4780474, 1096295382.7733634, 1056944877.695382, 1007636221.0554917, 941238230.2099441, 853952070.0638846, 748923468.693363, 633367437.8735164, 514863993.0720897]
[12238.41791942315, 32262.69804794438, 89446.62809119522, 334234.5817839312, 615760.3037830605, 2989975.294956347, 17264763.399857447, 51011199.53260586, 120601296.28666008, 244453021.30063868, 430855547.24994284, 672350952.3012977, 873669752.0933253, 994232020.9198195, 1073909426.7243261, 1133013862.1470785, 1167239586.348416, 1177303132.0678558, 1172150170.3801663, 1155761293.543518, 1129607083.4780474, 1096295382.7733634, 1056944877.695382, 1007636221.0554917, 941238230.2099441, 853952070.0638846, 748923468.693363, 633367437.8735164, 514863993.0720897, 400877543.7619557]
[12238.41791942315, 32262.69804794438, 89446.62809119522, 334234.5817839312, 615760.3037830605, 2989975.294956347, 17264763.399857447, 51011199.53260586, 120601296.28666008, 244453021.30063868, 430855547.24994284, 672350952.3012977, 873669752.0933253, 994232020.9198195, 1073909426.7243261, 1133013862.1470785, 1167239586.348416, 1177303132.0678558, 1172150170.3801663, 1155761293.543518, 1129607083.4780474, 1096295382.7733634, 1056944877.695382, 1007636221.0554917, 941238230.2099441, 853952070.0638846, 748923468.693363, 633367437.8735164, 514863993.0720897, 400877543.7619557, 298465024.0715956]
[12238.41791942315, 32262.69804794438, 89446.62809119522, 334234.5817839312, 615760.3037830605, 2989975.294956347, 17264763.399857447, 51011199.53260586, 120601296.28666008, 244453021.30063868, 430855547.24994284, 672350952.3012977, 873669752.0933253, 994232020.9198195, 1073909426.7243261, 1133013862.1470785, 1167239586.348416, 1177303132.0678558, 1172150170.3801663, 1155761293.543518, 1129607083.4780474, 1096295382.7733634, 1056944877.695382, 1007636221.0554917, 941238230.2099441, 853952070.0638846, 748923468.693363, 633367437.8735164, 514863993.0720897, 400877543.7619557, 298465024.0715956, 212495393.27671424]
[12238.41791942315, 32262.69804794438, 89446.62809119522, 334234.5817839312, 615760.3037830605, 2989975.294956347, 17264763.399857447, 51011199.53260586, 120601296.28666008, 244453021.30063868, 430855547.24994284, 672350952.3012977, 873669752.0933253, 994232020.9198195, 1073909426.7243261, 1133013862.1470785, 1167239586.348416, 1177303132.0678558, 1172150170.3801663, 1155761293.543518, 1129607083.4780474, 1096295382.7733634, 1056944877.695382, 1007636221.0554917, 941238230.2099441, 853952070.0638846, 748923468.693363, 633367437.8735164, 514863993.0720897, 400877543.7619557, 298465024.0715956, 212495393.27671424, 144587722.68899542]
[12238.41791942315, 32262.69804794438, 89446.62809119522, 334234.5817839312, 615760.3037830605, 2989975.294956347, 17264763.399857447, 51011199.53260586, 120601296.28666008, 244453021.30063868, 430855547.24994284, 672350952.3012977, 873669752.0933253, 994232020.9198195, 1073909426.7243261, 1133013862.1470785, 1167239586.348416, 1177303132.0678558, 1172150170.3801663, 1155761293.543518, 1129607083.4780474, 1096295382.7733634, 1056944877.695382, 1007636221.0554917, 941238230.2099441, 853952070.0638846, 748923468.693363, 633367437.8735164, 514863993.0720897, 400877543.7619557, 298465024.0715956, 212495393.27671424, 144587722.68899542, 93800508.70281437]
[12238.41791942315, 32262.69804794438, 89446.62809119522, 334234.5817839312, 615760.3037830605, 2989975.294956347, 17264763.399857447, 51011199.53260586, 120601296.28666008, 244453021.30063868, 430855547.24994284, 672350952.3012977, 873669752.0933253, 994232020.9198195, 1073909426.7243261, 1133013862.1470785, 1167239586.348416, 1177303132.0678558, 1172150170.3801663, 1155761293.543518, 1129607083.4780474, 1096295382.7733634, 1056944877.695382, 1007636221.0554917, 941238230.2099441, 853952070.0638846, 748923468.693363, 633367437.8735164, 514863993.0720897, 400877543.7619557, 298465024.0715956, 212495393.27671424, 144587722.68899542, 93800508.70281437, 57823460.71851099]
[12238.41791942315, 32262.69804794438, 89446.62809119522, 334234.5817839312, 615760.3037830605, 2989975.294956347, 17264763.399857447, 51011199.53260586, 120601296.28666008, 244453021.30063868, 430855547.24994284, 672350952.3012977, 873669752.0933253, 994232020.9198195, 1073909426.7243261, 1133013862.1470785, 1167239586.348416, 1177303132.0678558, 1172150170.3801663, 1155761293.543518, 1129607083.4780474, 1096295382.7733634, 1056944877.695382, 1007636221.0554917, 941238230.2099441, 853952070.0638846, 748923468.693363, 633367437.8735164, 514863993.0720897, 400877543.7619557, 298465024.0715956, 212495393.27671424, 144587722.68899542, 93800508.70281437, 57823460.71851099, 33784994.80066567]
[12238.41791942315, 32262.69804794438, 89446.62809119522, 334234.5817839312, 615760.3037830605, 2989975.294956347, 17264763.399857447, 51011199.53260586, 120601296.28666008, 244453021.30063868, 430855547.24994284, 672350952.3012977, 873669752.0933253, 994232020.9198195, 1073909426.7243261, 1133013862.1470785, 1167239586.348416, 1177303132.0678558, 1172150170.3801663, 1155761293.543518, 1129607083.4780474, 1096295382.7733634, 1056944877.695382, 1007636221.0554917, 941238230.2099441, 853952070.0638846, 748923468.693363, 633367437.8735164, 514863993.0720897, 400877543.7619557, 298465024.0715956, 212495393.27671424, 144587722.68899542, 93800508.70281437, 57823460.71851099, 33784994.80066567, 18704601.067562737]
[12238.41791942315, 32262.69804794438, 89446.62809119522, 334234.5817839312, 615760.3037830605, 2989975.294956347, 17264763.399857447, 51011199.53260586, 120601296.28666008, 244453021.30063868, 430855547.24994284, 672350952.3012977, 873669752.0933253, 994232020.9198195, 1073909426.7243261, 1133013862.1470785, 1167239586.348416, 1177303132.0678558, 1172150170.3801663, 1155761293.543518, 1129607083.4780474, 1096295382.7733634, 1056944877.695382, 1007636221.0554917, 941238230.2099441, 853952070.0638846, 748923468.693363, 633367437.8735164, 514863993.0720897, 400877543.7619557, 298465024.0715956, 212495393.27671424, 144587722.68899542, 93800508.70281437, 57823460.71851099, 33784994.80066567, 18704601.067562737, 9838814.68972891]
[12238.41791942315, 32262.69804794438, 89446.62809119522, 334234.5817839312, 615760.3037830605, 2989975.294956347, 17264763.399857447, 51011199.53260586, 120601296.28666008, 244453021.30063868, 430855547.24994284, 672350952.3012977, 873669752.0933253, 994232020.9198195, 1073909426.7243261, 1133013862.1470785, 1167239586.348416, 1177303132.0678558, 1172150170.3801663, 1155761293.543518, 1129607083.4780474, 1096295382.7733634, 1056944877.695382, 1007636221.0554917, 941238230.2099441, 853952070.0638846, 748923468.693363, 633367437.8735164, 514863993.0720897, 400877543.7619557, 298465024.0715956, 212495393.27671424, 144587722.68899542, 93800508.70281437, 57823460.71851099, 33784994.80066567, 18704601.067562737, 9838814.68972891, 4944692.731359688]
[12238.41791942315, 32262.69804794438, 89446.62809119522, 334234.5817839312, 615760.3037830605, 2989975.294956347, 17264763.399857447, 51011199.53260586, 120601296.28666008, 244453021.30063868, 430855547.24994284, 672350952.3012977, 873669752.0933253, 994232020.9198195, 1073909426.7243261, 1133013862.1470785, 1167239586.348416, 1177303132.0678558, 1172150170.3801663, 1155761293.543518, 1129607083.4780474, 1096295382.7733634, 1056944877.695382, 1007636221.0554917, 941238230.2099441, 853952070.0638846, 748923468.693363, 633367437.8735164, 514863993.0720897, 400877543.7619557, 298465024.0715956, 212495393.27671424, 144587722.68899542, 93800508.70281437, 57823460.71851099, 33784994.80066567, 18704601.067562737, 9838814.68972891, 4944692.731359688, 2393852.6631386275]
[12238.41791942315, 32262.69804794438, 89446.62809119522, 334234.5817839312, 615760.3037830605, 2989975.294956347, 17264763.399857447, 51011199.53260586, 120601296.28666008, 244453021.30063868, 430855547.24994284, 672350952.3012977, 873669752.0933253, 994232020.9198195, 1073909426.7243261, 1133013862.1470785, 1167239586.348416, 1177303132.0678558, 1172150170.3801663, 1155761293.543518, 1129607083.4780474, 1096295382.7733634, 1056944877.695382, 1007636221.0554917, 941238230.2099441, 853952070.0638846, 748923468.693363, 633367437.8735164, 514863993.0720897, 400877543.7619557, 298465024.0715956, 212495393.27671424, 144587722.68899542, 93800508.70281437, 57823460.71851099, 33784994.80066567, 18704601.067562737, 9838814.68972891, 4944692.731359688, 2393852.6631386275, 1128289.5120002418]
[12238.41791942315, 32262.69804794438, 89446.62809119522, 334234.5817839312, 615760.3037830605, 2989975.294956347, 17264763.399857447, 51011199.53260586, 120601296.28666008, 244453021.30063868, 430855547.24994284, 672350952.3012977, 873669752.0933253, 994232020.9198195, 1073909426.7243261, 1133013862.1470785, 1167239586.348416, 1177303132.0678558, 1172150170.3801663, 1155761293.543518, 1129607083.4780474, 1096295382.7733634, 1056944877.695382, 1007636221.0554917, 941238230.2099441, 853952070.0638846, 748923468.693363, 633367437.8735164, 514863993.0720897, 400877543.7619557, 298465024.0715956, 212495393.27671424, 144587722.68899542, 93800508.70281437, 57823460.71851099, 33784994.80066567, 18704601.067562737, 9838814.68972891, 4944692.731359688, 2393852.6631386275, 1128289.5120002418, 524566.0000074285]
[12238.41791942315, 32262.69804794438, 89446.62809119522, 334234.5817839312, 615760.3037830605, 2989975.294956347, 17264763.399857447, 51011199.53260586, 120601296.28666008, 244453021.30063868, 430855547.24994284, 672350952.3012977, 873669752.0933253, 994232020.9198195, 1073909426.7243261, 1133013862.1470785, 1167239586.348416, 1177303132.0678558, 1172150170.3801663, 1155761293.543518, 1129607083.4780474, 1096295382.7733634, 1056944877.695382, 1007636221.0554917, 941238230.2099441, 853952070.0638846, 748923468.693363, 633367437.8735164, 514863993.0720897, 400877543.7619557, 298465024.0715956, 212495393.27671424, 144587722.68899542, 93800508.70281437, 57823460.71851099, 33784994.80066567, 18704601.067562737, 9838814.68972891, 4944692.731359688, 2393852.6631386275, 1128289.5120002418, 524566.0000074285, 244373.89194268148]
[12238.41791942315, 32262.69804794438, 89446.62809119522, 334234.5817839312, 615760.3037830605, 2989975.294956347, 17264763.399857447, 51011199.53260586, 120601296.28666008, 244453021.30063868, 430855547.24994284, 672350952.3012977, 873669752.0933253, 994232020.9198195, 1073909426.7243261, 1133013862.1470785, 1167239586.348416, 1177303132.0678558, 1172150170.3801663, 1155761293.543518, 1129607083.4780474, 1096295382.7733634, 1056944877.695382, 1007636221.0554917, 941238230.2099441, 853952070.0638846, 748923468.693363, 633367437.8735164, 514863993.0720897, 400877543.7619557, 298465024.0715956, 212495393.27671424, 144587722.68899542, 93800508.70281437, 57823460.71851099, 33784994.80066567, 18704601.067562737, 9838814.68972891, 4944692.731359688, 2393852.6631386275, 1128289.5120002418, 524566.0000074285, 244373.89194268148, 116090.22181891347]
[12238.41791942315, 32262.69804794438, 89446.62809119522, 334234.5817839312, 615760.3037830605, 2989975.294956347, 17264763.399857447, 51011199.53260586, 120601296.28666008, 244453021.30063868, 430855547.24994284, 672350952.3012977, 873669752.0933253, 994232020.9198195, 1073909426.7243261, 1133013862.1470785, 1167239586.348416, 1177303132.0678558, 1172150170.3801663, 1155761293.543518, 1129607083.4780474, 1096295382.7733634, 1056944877.695382, 1007636221.0554917, 941238230.2099441, 853952070.0638846, 748923468.693363, 633367437.8735164, 514863993.0720897, 400877543.7619557, 298465024.0715956, 212495393.27671424, 144587722.68899542, 93800508.70281437, 57823460.71851099, 33784994.80066567, 18704601.067562737, 9838814.68972891, 4944692.731359688, 2393852.6631386275, 1128289.5120002418, 524566.0000074285, 244373.89194268148, 116090.22181891347, 57186.99526720673]
[12238.41791942315, 32262.69804794438, 89446.62809119522, 334234.5817839312, 615760.3037830605, 2989975.294956347, 17264763.399857447, 51011199.53260586, 120601296.28666008, 244453021.30063868, 430855547.24994284, 672350952.3012977, 873669752.0933253, 994232020.9198195, 1073909426.7243261, 1133013862.1470785, 1167239586.348416, 1177303132.0678558, 1172150170.3801663, 1155761293.543518, 1129607083.4780474, 1096295382.7733634, 1056944877.695382, 1007636221.0554917, 941238230.2099441, 853952070.0638846, 748923468.693363, 633367437.8735164, 514863993.0720897, 400877543.7619557, 298465024.0715956, 212495393.27671424, 144587722.68899542, 93800508.70281437, 57823460.71851099, 33784994.80066567, 18704601.067562737, 9838814.68972891, 4944692.731359688, 2393852.6631386275, 1128289.5120002418, 524566.0000074285, 244373.89194268148, 116090.22181891347, 57186.99526720673, 29557.33878873997]
[12238.41791942315, 32262.69804794438, 89446.62809119522, 334234.5817839312, 615760.3037830605, 2989975.294956347, 17264763.399857447, 51011199.53260586, 120601296.28666008, 244453021.30063868, 430855547.24994284, 672350952.3012977, 873669752.0933253, 994232020.9198195, 1073909426.7243261, 1133013862.1470785, 1167239586.348416, 1177303132.0678558, 1172150170.3801663, 1155761293.543518, 1129607083.4780474, 1096295382.7733634, 1056944877.695382, 1007636221.0554917, 941238230.2099441, 853952070.0638846, 748923468.693363, 633367437.8735164, 514863993.0720897, 400877543.7619557, 298465024.0715956, 212495393.27671424, 144587722.68899542, 93800508.70281437, 57823460.71851099, 33784994.80066567, 18704601.067562737, 9838814.68972891, 4944692.731359688, 2393852.6631386275, 1128289.5120002418, 524566.0000074285, 244373.89194268148, 116090.22181891347, 57186.99526720673, 29557.33878873997, 16081.991350039207]
[12238.41791942315, 32262.69804794438, 89446.62809119522, 334234.5817839312, 615760.3037830605, 2989975.294956347, 17264763.399857447, 51011199.53260586, 120601296.28666008, 244453021.30063868, 430855547.24994284, 672350952.3012977, 873669752.0933253, 994232020.9198195, 1073909426.7243261, 1133013862.1470785, 1167239586.348416, 1177303132.0678558, 1172150170.3801663, 1155761293.543518, 1129607083.4780474, 1096295382.7733634, 1056944877.695382, 1007636221.0554917, 941238230.2099441, 853952070.0638846, 748923468.693363, 633367437.8735164, 514863993.0720897, 400877543.7619557, 298465024.0715956, 212495393.27671424, 144587722.68899542, 93800508.70281437, 57823460.71851099, 33784994.80066567, 18704601.067562737, 9838814.68972891, 4944692.731359688, 2393852.6631386275, 1128289.5120002418, 524566.0000074285, 244373.89194268148, 116090.22181891347, 57186.99526720673, 29557.33878873997, 16081.991350039207, 9165.440657855788]
[12238.41791942315, 32262.69804794438, 89446.62809119522, 334234.5817839312, 615760.3037830605, 2989975.294956347, 17264763.399857447, 51011199.53260586, 120601296.28666008, 244453021.30063868, 430855547.24994284, 672350952.3012977, 873669752.0933253, 994232020.9198195, 1073909426.7243261, 1133013862.1470785, 1167239586.348416, 1177303132.0678558, 1172150170.3801663, 1155761293.543518, 1129607083.4780474, 1096295382.7733634, 1056944877.695382, 1007636221.0554917, 941238230.2099441, 853952070.0638846, 748923468.693363, 633367437.8735164, 514863993.0720897, 400877543.7619557, 298465024.0715956, 212495393.27671424, 144587722.68899542, 93800508.70281437, 57823460.71851099, 33784994.80066567, 18704601.067562737, 9838814.68972891, 4944692.731359688, 2393852.6631386275, 1128289.5120002418, 524566.0000074285, 244373.89194268148, 116090.22181891347, 57186.99526720673, 29557.33878873997, 16081.991350039207, 9165.440657855788, 5418.450854820128]
[12238.41791942315, 32262.69804794438, 89446.62809119522, 334234.5817839312, 615760.3037830605, 2989975.294956347, 17264763.399857447, 51011199.53260586, 120601296.28666008, 244453021.30063868, 430855547.24994284, 672350952.3012977, 873669752.0933253, 994232020.9198195, 1073909426.7243261, 1133013862.1470785, 1167239586.348416, 1177303132.0678558, 1172150170.3801663, 1155761293.543518, 1129607083.4780474, 1096295382.7733634, 1056944877.695382, 1007636221.0554917, 941238230.2099441, 853952070.0638846, 748923468.693363, 633367437.8735164, 514863993.0720897, 400877543.7619557, 298465024.0715956, 212495393.27671424, 144587722.68899542, 93800508.70281437, 57823460.71851099, 33784994.80066567, 18704601.067562737, 9838814.68972891, 4944692.731359688, 2393852.6631386275, 1128289.5120002418, 524566.0000074285, 244373.89194268148, 116090.22181891347, 57186.99526720673, 29557.33878873997, 16081.991350039207, 9165.440657855788, 5418.450854820128, 3288.2623563539437]
[12238.41791942315, 32262.69804794438, 89446.62809119522, 334234.5817839312, 615760.3037830605, 2989975.294956347, 17264763.399857447, 51011199.53260586, 120601296.28666008, 244453021.30063868, 430855547.24994284, 672350952.3012977, 873669752.0933253, 994232020.9198195, 1073909426.7243261, 1133013862.1470785, 1167239586.348416, 1177303132.0678558, 1172150170.3801663, 1155761293.543518, 1129607083.4780474, 1096295382.7733634, 1056944877.695382, 1007636221.0554917, 941238230.2099441, 853952070.0638846, 748923468.693363, 633367437.8735164, 514863993.0720897, 400877543.7619557, 298465024.0715956, 212495393.27671424, 144587722.68899542, 93800508.70281437, 57823460.71851099, 33784994.80066567, 18704601.067562737, 9838814.68972891, 4944692.731359688, 2393852.6631386275, 1128289.5120002418, 524566.0000074285, 244373.89194268148, 116090.22181891347, 57186.99526720673, 29557.33878873997, 16081.991350039207, 9165.440657855788, 5418.450854820128, 3288.2623563539437, 2030.3205664584618]
[12238.41791942315, 32262.69804794438, 89446.62809119522, 334234.5817839312, 615760.3037830605, 2989975.294956347, 17264763.399857447, 51011199.53260586, 120601296.28666008, 244453021.30063868, 430855547.24994284, 672350952.3012977, 873669752.0933253, 994232020.9198195, 1073909426.7243261, 1133013862.1470785, 1167239586.348416, 1177303132.0678558, 1172150170.3801663, 1155761293.543518, 1129607083.4780474, 1096295382.7733634, 1056944877.695382, 1007636221.0554917, 941238230.2099441, 853952070.0638846, 748923468.693363, 633367437.8735164, 514863993.0720897, 400877543.7619557, 298465024.0715956, 212495393.27671424, 144587722.68899542, 93800508.70281437, 57823460.71851099, 33784994.80066567, 18704601.067562737, 9838814.68972891, 4944692.731359688, 2393852.6631386275, 1128289.5120002418, 524566.0000074285, 244373.89194268148, 116090.22181891347, 57186.99526720673, 29557.33878873997, 16081.991350039207, 9165.440657855788, 5418.450854820128, 3288.2623563539437, 2030.3205664584618, 1266.6750134601937]
[12238.41791942315, 32262.69804794438, 89446.62809119522, 334234.5817839312, 615760.3037830605, 2989975.294956347, 17264763.399857447, 51011199.53260586, 120601296.28666008, 244453021.30063868, 430855547.24994284, 672350952.3012977, 873669752.0933253, 994232020.9198195, 1073909426.7243261, 1133013862.1470785, 1167239586.348416, 1177303132.0678558, 1172150170.3801663, 1155761293.543518, 1129607083.4780474, 1096295382.7733634, 1056944877.695382, 1007636221.0554917, 941238230.2099441, 853952070.0638846, 748923468.693363, 633367437.8735164, 514863993.0720897, 400877543.7619557, 298465024.0715956, 212495393.27671424, 144587722.68899542, 93800508.70281437, 57823460.71851099, 33784994.80066567, 18704601.067562737, 9838814.68972891, 4944692.731359688, 2393852.6631386275, 1128289.5120002418, 524566.0000074285, 244373.89194268148, 116090.22181891347, 57186.99526720673, 29557.33878873997, 16081.991350039207, 9165.440657855788, 5418.450854820128, 3288.2623563539437, 2030.3205664584618, 1266.6750134601937, 794.1920857130219]
[12238.41791942315, 32262.69804794438, 89446.62809119522, 334234.5817839312, 615760.3037830605, 2989975.294956347, 17264763.399857447, 51011199.53260586, 120601296.28666008, 244453021.30063868, 430855547.24994284, 672350952.3012977, 873669752.0933253, 994232020.9198195, 1073909426.7243261, 1133013862.1470785, 1167239586.348416, 1177303132.0678558, 1172150170.3801663, 1155761293.543518, 1129607083.4780474, 1096295382.7733634, 1056944877.695382, 1007636221.0554917, 941238230.2099441, 853952070.0638846, 748923468.693363, 633367437.8735164, 514863993.0720897, 400877543.7619557, 298465024.0715956, 212495393.27671424, 144587722.68899542, 93800508.70281437, 57823460.71851099, 33784994.80066567, 18704601.067562737, 9838814.68972891, 4944692.731359688, 2393852.6631386275, 1128289.5120002418, 524566.0000074285, 244373.89194268148, 116090.22181891347, 57186.99526720673, 29557.33878873997, 16081.991350039207, 9165.440657855788, 5418.450854820128, 3288.2623563539437, 2030.3205664584618, 1266.6750134601937, 794.1920857130219, 498.2308542663168]
[12238.41791942315, 32262.69804794438, 89446.62809119522, 334234.5817839312, 615760.3037830605, 2989975.294956347, 17264763.399857447, 51011199.53260586, 120601296.28666008, 244453021.30063868, 430855547.24994284, 672350952.3012977, 873669752.0933253, 994232020.9198195, 1073909426.7243261, 1133013862.1470785, 1167239586.348416, 1177303132.0678558, 1172150170.3801663, 1155761293.543518, 1129607083.4780474, 1096295382.7733634, 1056944877.695382, 1007636221.0554917, 941238230.2099441, 853952070.0638846, 748923468.693363, 633367437.8735164, 514863993.0720897, 400877543.7619557, 298465024.0715956, 212495393.27671424, 144587722.68899542, 93800508.70281437, 57823460.71851099, 33784994.80066567, 18704601.067562737, 9838814.68972891, 4944692.731359688, 2393852.6631386275, 1128289.5120002418, 524566.0000074285, 244373.89194268148, 116090.22181891347, 57186.99526720673, 29557.33878873997, 16081.991350039207, 9165.440657855788, 5418.450854820128, 3288.2623563539437, 2030.3205664584618, 1266.6750134601937, 794.1920857130219, 498.2308542663168, 311.5663134836902]
[12238.41791942315, 32262.69804794438, 89446.62809119522, 334234.5817839312, 615760.3037830605, 2989975.294956347, 17264763.399857447, 51011199.53260586, 120601296.28666008, 244453021.30063868, 430855547.24994284, 672350952.3012977, 873669752.0933253, 994232020.9198195, 1073909426.7243261, 1133013862.1470785, 1167239586.348416, 1177303132.0678558, 1172150170.3801663, 1155761293.543518, 1129607083.4780474, 1096295382.7733634, 1056944877.695382, 1007636221.0554917, 941238230.2099441, 853952070.0638846, 748923468.693363, 633367437.8735164, 514863993.0720897, 400877543.7619557, 298465024.0715956, 212495393.27671424, 144587722.68899542, 93800508.70281437, 57823460.71851099, 33784994.80066567, 18704601.067562737, 9838814.68972891, 4944692.731359688, 2393852.6631386275, 1128289.5120002418, 524566.0000074285, 244373.89194268148, 116090.22181891347, 57186.99526720673, 29557.33878873997, 16081.991350039207, 9165.440657855788, 5418.450854820128, 3288.2623563539437, 2030.3205664584618, 1266.6750134601937, 794.1920857130219, 498.2308542663168, 311.5663134836902, 193.59110855795657]
[12238.41791942315, 32262.69804794438, 89446.62809119522, 334234.5817839312, 615760.3037830605, 2989975.294956347, 17264763.399857447, 51011199.53260586, 120601296.28666008, 244453021.30063868, 430855547.24994284, 672350952.3012977, 873669752.0933253, 994232020.9198195, 1073909426.7243261, 1133013862.1470785, 1167239586.348416, 1177303132.0678558, 1172150170.3801663, 1155761293.543518, 1129607083.4780474, 1096295382.7733634, 1056944877.695382, 1007636221.0554917, 941238230.2099441, 853952070.0638846, 748923468.693363, 633367437.8735164, 514863993.0720897, 400877543.7619557, 298465024.0715956, 212495393.27671424, 144587722.68899542, 93800508.70281437, 57823460.71851099, 33784994.80066567, 18704601.067562737, 9838814.68972891, 4944692.731359688, 2393852.6631386275, 1128289.5120002418, 524566.0000074285, 244373.89194268148, 116090.22181891347, 57186.99526720673, 29557.33878873997, 16081.991350039207, 9165.440657855788, 5418.450854820128, 3288.2623563539437, 2030.3205664584618, 1266.6750134601937, 794.1920857130219, 498.2308542663168, 311.5663134836902, 193.59110855795657, 119.19385758358827]
[12238.41791942315, 32262.69804794438, 89446.62809119522, 334234.5817839312, 615760.3037830605, 2989975.294956347, 17264763.399857447, 51011199.53260586, 120601296.28666008, 244453021.30063868, 430855547.24994284, 672350952.3012977, 873669752.0933253, 994232020.9198195, 1073909426.7243261, 1133013862.1470785, 1167239586.348416, 1177303132.0678558, 1172150170.3801663, 1155761293.543518, 1129607083.4780474, 1096295382.7733634, 1056944877.695382, 1007636221.0554917, 941238230.2099441, 853952070.0638846, 748923468.693363, 633367437.8735164, 514863993.0720897, 400877543.7619557, 298465024.0715956, 212495393.27671424, 144587722.68899542, 93800508.70281437, 57823460.71851099, 33784994.80066567, 18704601.067562737, 9838814.68972891, 4944692.731359688, 2393852.6631386275, 1128289.5120002418, 524566.0000074285, 244373.89194268148, 116090.22181891347, 57186.99526720673, 29557.33878873997, 16081.991350039207, 9165.440657855788, 5418.450854820128, 3288.2623563539437, 2030.3205664584618, 1266.6750134601937, 794.1920857130219, 498.2308542663168, 311.5663134836902, 193.59110855795657, 119.19385758358827, 72.55850326262696]
[12238.41791942315, 32262.69804794438, 89446.62809119522, 334234.5817839312, 615760.3037830605, 2989975.294956347, 17264763.399857447, 51011199.53260586, 120601296.28666008, 244453021.30063868, 430855547.24994284, 672350952.3012977, 873669752.0933253, 994232020.9198195, 1073909426.7243261, 1133013862.1470785, 1167239586.348416, 1177303132.0678558, 1172150170.3801663, 1155761293.543518, 1129607083.4780474, 1096295382.7733634, 1056944877.695382, 1007636221.0554917, 941238230.2099441, 853952070.0638846, 748923468.693363, 633367437.8735164, 514863993.0720897, 400877543.7619557, 298465024.0715956, 212495393.27671424, 144587722.68899542, 93800508.70281437, 57823460.71851099, 33784994.80066567, 18704601.067562737, 9838814.68972891, 4944692.731359688, 2393852.6631386275, 1128289.5120002418, 524566.0000074285, 244373.89194268148, 116090.22181891347, 57186.99526720673, 29557.33878873997, 16081.991350039207, 9165.440657855788, 5418.450854820128, 3288.2623563539437, 2030.3205664584618, 1266.6750134601937, 794.1920857130219, 498.2308542663168, 311.5663134836902, 193.59110855795657, 119.19385758358827, 72.55850326262696, 43.593524887651334]
[12238.41791942315, 32262.69804794438, 89446.62809119522, 334234.5817839312, 615760.3037830605, 2989975.294956347, 17264763.399857447, 51011199.53260586, 120601296.28666008, 244453021.30063868, 430855547.24994284, 672350952.3012977, 873669752.0933253, 994232020.9198195, 1073909426.7243261, 1133013862.1470785, 1167239586.348416, 1177303132.0678558, 1172150170.3801663, 1155761293.543518, 1129607083.4780474, 1096295382.7733634, 1056944877.695382, 1007636221.0554917, 941238230.2099441, 853952070.0638846, 748923468.693363, 633367437.8735164, 514863993.0720897, 400877543.7619557, 298465024.0715956, 212495393.27671424, 144587722.68899542, 93800508.70281437, 57823460.71851099, 33784994.80066567, 18704601.067562737, 9838814.68972891, 4944692.731359688, 2393852.6631386275, 1128289.5120002418, 524566.0000074285, 244373.89194268148, 116090.22181891347, 57186.99526720673, 29557.33878873997, 16081.991350039207, 9165.440657855788, 5418.450854820128, 3288.2623563539437, 2030.3205664584618, 1266.6750134601937, 794.1920857130219, 498.2308542663168, 311.5663134836902, 193.59110855795657, 119.19385758358827, 72.55850326262696, 43.593524887651334, 25.81460935740551]
60.0
1.000008264
1.000008264
