36731431
30423868
=====End of ZJets=====
0
0
0
0
0
0
1536287
8814541
12730972
23699421
37937805
12402895
15845467
50152955
3627909
36731431
75739286
30423868
60710970
3744165
259971
814390
1944826
137980
809984
4120269
3978491
4265243
2524072
9586551
12860677
9747189
8812226
7853488
4045565
54900
0
54090
52605
54000
52080
51912
54351
53984
53984
51400
52962
54880
53312
54458
52672
47520
53460
55000
52032
51955
48620
52645
54000
53020
54443
54184
54549
53416
54090
0
54112
54200
55000
53764
54246
53600
53480
54545
1065323
1062792
967055
930483
9956679
10419809
9982235
9656985
1615032
1608540
1658995
1593052
