15229210
2370472
6976975
2731131
1702503
0
0
0
0
0
0
0
0
0
0
64656
67528
52450
52382
61888
61910
49665
63664
51745
52432
261507
199987
562441
504141
697434
119992
373581
399967
624934
687426
697434
399964
-----------------------------------
17463962
2727459
82719719
6062238
99260716
0
0
4246444
10537444
11229902
21916810
50707495
30459503
24045248
21852156
11064401
6402827
32078198
18270471
36917694
35482366
20801912
13605848
10000431
10000283
9799908
259961
23777
497658
184758
2502672
494355
8501935
0
0
0
0
0
0
0
0
0
0
0
--------------------------------------8501935
0
0
0
0
0
0
0
0
0
0
0
8501935
1722681
8486904
9560265
10365230
9238642
7669947
7832261
3783069
4119000
4107853
3873970
373581
399967
624934
687426
697434
399964
-----------------------------------373581
399967
624934
687426
697434
399964
------------------------------May 14
4246444
10537444
11179992
0
24045248
0
11015445
6402827
0
23193023
34704720
15539503
13382803
10022654
10044727
9821685
259961
23777
497658
139974
1857670
493460
8501935
1722681
8486904
9560265
10365230
9238642
7669947
7832261
3783069
4119000
4107853
3873970
-----------------------May15
1970745
1993325
1995062
1992627
2000043
2040070
2000130
1975231
1973504
1984890
1939122
1970745
1993325
1995062
1992627
2000043
2040070
2000130
1975231
1973504
1984890
1939122
-------------------
1970745
1993325
1995062
1952775
2000043
2040070
2000130
1975231
1973504
1984890
1939122
4246444
10537444
11179992
30459503
24045248
21898160
11015445
6402827
18393090
23193023
34704720
15539503
13382803
10022654
10044727
9821685
259961
23777
497658
139974
1857670
493460
8501935
1722681
8486904
9560265
10365230
9238642
7669947
7832261
3783069
4119000
4107853
3873970
1970745
1993325
1995062
1992627
2000043
2040070
2000130
1975231
1973504
1984890
1939122
-------------------------------
4246444
10537444
11179992
30459503
24045248
21898160
11015445
6402827
18393090
23193023
34704720
15539503
13382803
10022654
10044727
9821685
259961
23777
497658
139974
1857670
493460
8501935
1722681
8486904
9560265
10365230
9238642
7669947
7832261
3783069
4119000
4107853
3873970
1970745
1993325
1995062
1992627
2000043
2040070
2000130
1975231
1973504
1984890
1939122
------------------------Counting QCD again4246444
10537444
11179992
30459503
24045248
21898160
11015445
6402827
18393090
23193023
34704720
15539503
13382803
10022654
10044727
9821685
259961
23777
497658
139974
1857670
493460
1970745
1993325
1995062
1992627
2000043
2040070
2000130
1975231
1973504
1984890
1939122
2112387
1985529
1934901
2170270
0
0
0
23096734
21898160
11015445
11402754
11693980
0
0
0
0
11402754
11693980
11070907
11170429
8441281
8544421
